0.0 0.0 -0.9912279006826347 0.13216372009101796 0.9912279006826347 -0.13216372009101796 
0.09912279006826344 0.743420925511976 -0.8365055529572404 1.1201217126769083 1.044780886948373 0.3649600850742765 
0.19824558013652688 1.486841851023952 -0.6817832052318461 2.1080797052627984 1.0983338732141115 0.862083890239571 
0.29736837020479034 2.230262776535928 -0.5270608575064518 3.096037697848689 1.15188685947985 1.3592076954048655 
0.39649116027305376 2.973683702047904 -0.37233850978105754 4.0839956904345796 1.2054398457455884 1.85633150057016 
0.49561395034131717 3.71710462755988 -0.2949773359183603 4.577974686727525 1.312545818277065 2.850579110900749 
0.5947367404095806 4.460525553071856 -0.1402549881929658 5.565932679313415 1.3660988045428035 3.3477029160660434 
0.6608186004550896 4.956139503413174 0.01446735953242867 6.553890671899306 1.446428283941411 4.093388623813985 
0.7929823205461075 5.947367404095808 0.0918285333951258 7.047869668192251 1.5264580693416536 4.836292320114179 
0.8921051106143709 6.690788329607784 0.24655088112052026 8.035827660778141 1.580011055607392 5.333416125279474 
0.9912279006826343 7.43420925511976 0.3239120549832174 8.529806657071086 1.6871170281388688 6.327663735610063 
1.0903506907508977 8.177630180631736 0.4786344027086117 9.517764649656977 1.7406700144046072 6.8247875407753575 
1.1894734808191612 8.921051106143713 0.5559955765713088 10.011743645949922 1.847775986936084 7.819035151105947 
1.2885962708874246 9.66447203165569 0.7107179242967033 10.999701638535813 1.9013289732018224 8.316158956271241 
1.3546781309329337 10.160085981997007 0.8654402720220976 11.987659631121703 1.9816568595402402 9.061829875896267 
1.4868418510239518 11.151313882679641 0.9428014458847949 12.481638627414648 2.061129122626137 9.799558181733701 
1.5859646410922152 11.894734808191618 1.0975237936101894 13.469596620000539 2.1146821088918752 10.296681986898996 
1.6850874311604789 12.638155733703595 1.2522461413355837 14.45755461258643 2.1682350951576135 10.79380579206429 
1.751169291205988 13.133769684044912 1.4069684890609782 15.44551260517232 2.2482994133853262 11.537030051078016 
1.8502920812742516 13.877190609556889 2.2634244898230516 15.961732634577064 2.3018523996510645 12.03415385624331 
1.9494148713425152 14.620611535068866 3.1198804905851247 16.47795266398181 2.3554053859168027 12.531277661408605 
2.780876875927626 15.176193153673468 3.7553721349660947 16.86098870442862 2.408958372182541 13.0284014665739 
3.6123388805127368 15.73177477227807 4.395359873528321 17.246734719314734 2.4625113584482796 13.525525271739195 
4.028069882805292 16.00956558158037 5.037701874099875 17.633899741368293 3.248338558998402 14.143971397829057 
4.443800885097848 16.28735639088267 5.68004387467143 18.02106476342185 4.034165759548525 14.76241752391892 
5.275262889682958 16.842938009487273 6.322182943066513 18.408107470197084 4.427079359823587 15.07164058696385 
5.690993891975514 17.120728818789573 7.178638943828586 18.92432749960183 5.015471095643084 15.53470497234796 
6.3145903954143465 17.537415032743024 8.035094944590659 19.440547529006576 5.408384695918146 15.84392803539289 
6.938186898853179 17.954101246696474 8.891550945352732 19.95676755841132 5.801298296193207 16.15315109843782 
7.561783402292012 18.370787460649925 9.748006946114806 20.472987587816064 6.194211896468268 16.462374161482753 
8.185379905730844 18.787473674603376 10.604462946876879 20.98920761722081 6.5871254967433295 16.771597224527685 
9.016841910315954 19.34305529320798 11.047554538950687 20.757540094608128 7.176495897155922 17.23543181909508 
9.848303914901063 19.89863691181258 11.490646131024494 20.525872571995446 7.765866297568514 17.699266413662475 
10.523774471055832 19.572692855618932 11.933737723098302 20.294205049382764 8.551693498118636 18.317712539752335 
11.199245027210601 19.246748799425283 12.37682931517211 20.062537526770083 9.337520698668758 18.9361586658422 
11.64955873131378 19.02945276196285 13.041466703282822 19.71503624285106 10.243793649582061 18.51346570583116 
12.32502928746855 18.703508705769202 13.48455829535663 19.483368720238378 11.150066600495364 18.09077274582012 
12.775342991571728 18.48621266830677 14.149195683467342 19.13586743631935 12.056339551408668 17.66807978580908 
13.675970399778086 18.051620593381905 14.59228727554115 18.90419991370667 12.733012355471526 17.352474172489103 
14.126284103881265 17.834324555919473 15.478470459688767 18.440864868481302 13.411750352648818 17.035905336566426 
15.026911512087622 17.39973248099461 15.921562051762574 18.20919734586862 14.091455065833795 16.718885616558147 
15.477225216190801 17.18243644353218 16.586199439873287 17.861696061949598 14.997728016747098 16.296192656547106 
16.37785262439716 16.747844368607318 17.246386199497802 17.516521759841808 15.450864492203749 16.084846176541586 
16.82816632850034 16.530548331144885 17.911023587608515 17.169020475922782 16.35713744311705 15.662153216530546 
17.7287937367067 16.09595625622002 18.570178249318495 16.824385799416632 16.810273918573703 15.450806736525028 
18.404264292861466 15.770012200026374 19.013269841392304 16.59271827680395 17.716546869487008 15.028113776513988 
19.079734849016234 15.444068143832727 19.89945302553992 16.129383231578583 18.16968334494366 14.81676729650847 
19.755205405171 15.11812408763908 20.34254461761373 15.8977157089659 19.07595629585696 14.39407433649743 
20.291977849909596 14.594315589646396 21.061207198796513 15.20235674094456 19.433453597191658 14.044509350352639 
20.82875029464819 14.070507091653711 21.420538489387905 14.854677256933892 20.148448199861054 13.345379378063056 
21.365522739386787 13.546698593661027 22.13920107057069 14.159318288912555 20.50594550119575 12.995814391918264 
21.902295184125382 13.022890095668345 22.49853236116208 13.811638804901886 21.220940103865146 12.296684419628681 
22.439067628863977 12.499081597675662 23.217194942344864 13.116279836880548 21.578437405199843 11.94711943348389 
22.975840073602573 11.975273099682978 23.576526232936256 12.768600352869878 22.29343200786924 11.247989461194306 
23.512612518341168 11.451464601690295 24.29518881411904 12.07324138484854 22.650929309203935 10.898424475049515 
24.049384963079763 10.927656103697613 24.654520104710432 11.72556190083787 23.36592391187333 10.199294502759932 
24.58615740781836 10.403847605704929 25.373182685893216 11.030202932816533 23.723421213208027 9.84972951661514 
25.122929852556958 9.880039107712246 25.732513976484608 10.682523448805863 24.438415815877423 9.150599544325557 
