0.0 0.0 0.0 0.0 
0.6737673282623291 0.9966268539428711 0.45728635787963867 0.6085885167121887 
1.1266913414001465 1.9266411662101746 1.285937488079071 1.0635236501693726 
1.6291449069976807 2.202168643474579 2.1127785444259644 1.9773131608963013 
2.253950536251068 2.794213056564331 3.0364161133766174 2.965900242328644 
3.0437838435173035 3.1435412764549255 3.97298127412796 3.5881535410881042 
3.5470402240753174 3.3205617666244507 4.571668565273285 4.322011232376099 
3.9188870787620544 4.08112758398056 4.817181706428528 5.080334782600403 
4.573144733905792 4.586418449878693 5.534016907215118 5.473580062389374 
5.08760130405426 4.930603325366974 6.325848400592804 6.261637330055237 
5.7996591329574585 5.721216857433319 6.922953307628632 6.884670972824097 
6.448357939720154 6.101655840873718 7.517140686511993 6.886125564575195 
6.5030437707901 6.888250827789307 8.107902824878693 7.644528687000275 
7.301095604896545 7.8347185254096985 8.343363404273987 7.866759121417999 
7.332492113113403 8.786470234394073 8.826992392539978 8.326065003871918 
7.492109835147858 9.760884046554565 9.248262524604797 9.275562644004822 
8.204400599002838 10.345163702964783 9.497196018695831 9.41137009859085 
8.354914367198944 10.413232684135437 10.126851618289948 9.868059813976288 
9.179423093795776 11.18995350599289 10.852690696716309 10.321859359741211 
9.555696785449982 12.172714412212372 11.210640668869019 11.315157353878021 
9.677332282066345 12.488631784915924 11.339402616024017 11.71231198310852 
10.350448727607727 13.406972825527191 11.596285283565521 12.275660812854767 
10.797480344772339 13.437079727649689 12.337496399879456 12.726901233196259 
11.255865097045898 14.111176371574402 12.695922911167145 13.357260644435883 
11.47356104850769 14.562057077884674 13.084762156009674 13.409474432468414 
11.765532493591309 15.404638886451721 13.534108579158783 13.770904004573822 
11.984085857868195 15.774020075798035 13.617830395698547 14.293911337852478 
12.107538223266602 16.025636672973633 14.234331965446472 15.290186285972595 
12.62166178226471 16.641665518283844 15.039877712726593 16.245331704616547 
12.88556957244873 17.32412213087082 15.529225051403046 16.630743384361267 
13.606083035469055 17.992752015590668 15.54803842306137 16.973453044891357 
14.28108936548233 18.51688802242279 16.308099329471588 17.960017681121826 
15.052497446537018 19.192511796951294 16.33530968427658 18.52399432659149 
15.683522462844849 19.657683610916138 16.79855763912201 18.590760231018066 
16.62421989440918 20.205038845539093 17.51373040676117 19.47095102071762 
16.760703921318054 20.85638391971588 18.29450237751007 20.28313857316971 
16.85465371608734 21.458420515060425 18.393267035484314 20.56810837984085 
17.090190052986145 22.393415808677673 18.396568775177002 21.462654173374176 
17.797698855400085 23.262001156806946 18.767391562461853 22.422418117523193 
18.03122991323471 23.657354056835175 18.884970605373383 23.034682512283325 
18.829674184322357 24.53990250825882 18.975985288619995 23.290710747241974 
19.54841148853302 24.89295393228531 19.5657457113266 23.819227933883667 
20.068580210208893 25.722646176815033 20.105833649635315 24.311139822006226 
20.15911513566971 26.006344377994537 20.119085371494293 25.239583790302277 
20.61686944961548 26.281679689884186 20.249181985855103 25.930019438266754 
21.272526919841766 26.996829330921173 20.49219912290573 26.625543355941772 
21.568447411060333 27.780869901180267 20.551502287387848 27.35195255279541 
22.14961874485016 27.837073266506195 20.995579183101654 27.47766363620758 
22.15937203168869 28.57451033592224 21.295138001441956 27.88012671470642 
22.90056550502777 29.28041386604309 21.300119698047638 28.40290868282318 
23.87696796655655 30.166943430900574 22.06271058320999 28.732157349586487 
