0.0 0.0 1.0 0.0 
0.0 0.0 0.5 6.123233995736766E-17 
0.280034506301559 0.4142229777311274 0.5 6.123233995736766E-17 
0.5242708887496648 0.8505125484163119 0.7971600234533223 0.4021143126788961 
0.840713657786225 1.2376352342982868 1.1176765781734805 0.785870925847086 
1.1768111971202044 1.6078222735820036 1.448020965938935 1.161200894637039 
1.5629577151338487 1.9254555001593536 1.8085012459595138 1.5076889430835692 
1.9719676140900384 2.213050532376267 2.1587972236176856 1.8644700076546945 
2.331685802291586 2.561210088034931 2.4784310349126355 2.24785814321915 
2.691233860578088 2.9208603783363714 2.8337304603263758 2.586408211801153 
3.0671936237381834 3.2589256815023773 3.185283851418304 2.9321060669897534 
3.4297125137984943 3.618326439349425 3.5377439177560333 3.2707095944534257 
3.810502188087305 3.9531618006881524 3.9131560465910327 3.589752058082495 
4.14546336924216 4.332374862439945 4.275696946415994 3.926492886190627 
4.480152117476274 4.703836087610866 4.6348296610025566 4.274377483886022 
4.766512323922399 5.113711473751743 4.994355409061836 4.621855881030961 
5.019468277561389 5.545004049062968 5.331700678049937 4.99090624275866 
5.295905909791984 5.961636063539463 5.674603790974739 5.354798335481874 
5.579078274526484 6.373720292612442 6.025742987147223 5.710749546901841 
5.878448349898286 6.774191961987296 6.387287222292867 6.056127261922586 
6.15993058458383 7.187432511251804 6.725247599057586 6.424614417379936 
6.436369681086391 7.604063554172093 7.0539919579284875 6.80134661206279 
6.71596452838136 8.018583422653814 7.373268921657953 7.18613515195411 
7.0167961578873665 8.417958347616262 7.706916368623817 7.558531957973121 
7.315403786667484 8.818998849354323 8.03301489619884 7.937556693727138 
7.608630517446544 9.223990311432999 8.37218199934351 8.304933443324131 
7.887673162435996 9.638882107299452 8.715480444903926 8.66845260000752 
8.16531977845754 10.054709423155186 9.043975849670973 9.045401892415576 
8.440809342303123 10.47196893498466 9.363572445500427 9.429924994366843 
8.721296897846276 10.88588526854185 9.683558161982228 9.814124345287206 
8.992846906981502 11.305719274475932 10.009045336650827 10.19367420910783 
9.276775503169768 11.717282820318564 10.325387090279145 10.580879445269945 
9.573147684932902 12.119978151651024 10.640276230095504 10.969266918839464 
9.879368437857565 12.515236106002677 10.941255805932027 11.368530359351197 
10.19469470631165 12.903268764966871 11.256203492279685 11.756870358403905 
10.52512355053129 13.27852438305629 11.571191534984372 12.145177624564441 
10.842825054811026 13.664614727636923 11.889650486264351 12.530643441920088 
11.14820971858851 14.060519018002049 12.204164792044686 12.919334516501834 
11.438502353057016 14.467618743343806 12.497601899148027 13.324173576098142 
11.731480666646716 14.872789951311667 12.781319268157226 13.735882762930908 
12.02286678709368 15.27910771958038 13.055688773712436 14.153879622274838 
12.318988575704175 15.681987213114269 13.327580755929526 14.573492241253417 
12.627694291752357 16.07530741457763 13.607233820544629 14.98797283603607 
12.933061365959075 16.471225272207757 13.893148953481674 15.398158814291778 
13.235056022716732 16.869721479579702 14.160461493423307 15.82070349357428 
13.543623024870476 17.263150514072393 14.418429607529513 16.249016991032025 
13.854544798351172 17.65472126218264 14.671010080688024 16.68052956857644 
14.157535134955637 18.052460945800345 14.912322541841696 17.11844314006282 
14.473833684662798 18.43970147499783 15.165510877933249 17.549599337359332 
14.775953631111964 18.838102702352305 15.420653342732091 17.979602038114074 
15.082990200933441 19.23272726417311 15.666302917316417 18.41509748758116 
