0.0 0.0 -0.9912279006826347 0.13216372009101796 0.9912279006826347 -0.13216372009101796 
0.09912279006826344 0.743420925511976 -0.8365055529572404 1.1201217126769083 1.044780886948373 0.3649600850742765 
0.19824558013652688 1.486841851023952 -0.6817832052318461 2.1080797052627984 1.0983338732141115 0.862083890239571 
0.29736837020479034 2.230262776535928 -0.5270608575064518 3.096037697848689 1.15188685947985 1.3592076954048655 
0.39649116027305376 2.973683702047904 -0.37233850978105754 4.0839956904345796 1.2054398457455884 1.85633150057016 
0.49561395034131717 3.71710462755988 -0.2949773359183603 4.577974686727525 1.312545818277065 2.850579110900749 
0.5947367404095806 4.460525553071856 -0.1402549881929658 5.565932679313415 1.3660988045428035 3.3477029160660434 
0.6608186004550896 4.956139503413174 0.01446735953242867 6.553890671899306 1.446428283941411 4.093388623813985 
0.7929823205461075 5.947367404095808 0.0918285333951258 7.047869668192251 1.5264580693416536 4.836292320114179 
0.8921051106143709 6.690788329607784 0.24655088112052026 8.035827660778141 1.580011055607392 5.333416125279474 
0.9912279006826343 7.43420925511976 0.3239120549832174 8.529806657071086 1.6871170281388688 6.327663735610063 
1.0903506907508977 8.177630180631736 0.4786344027086117 9.517764649656977 1.7406700144046072 6.8247875407753575 
1.1894734808191612 8.921051106143713 0.5559955765713088 10.011743645949922 1.847775986936084 7.819035151105947 
1.2885962708874246 9.66447203165569 0.7107179242967033 10.999701638535813 1.9013289732018224 8.316158956271241 
1.3546781309329337 10.160085981997007 0.8654402720220976 11.987659631121703 1.9816568595402402 9.061829875896267 
1.4868418510239518 11.151313882679641 0.9428014458847949 12.481638627414648 2.061129122626137 9.799558181733701 
1.5859646410922152 11.894734808191618 1.0975237936101894 13.469596620000539 2.1146821088918752 10.296681986898996 
1.6850874311604789 12.638155733703595 1.2522461413355837 14.45755461258643 2.1682350951576135 10.79380579206429 
1.751169291205988 13.133769684044912 1.4069684890609782 15.44551260517232 2.2482994133853262 11.537030051078016 
1.8502920812742516 13.877190609556889 2.2634244898230516 15.961732634577064 2.3018523996510645 12.03415385624331 
1.9494148713425152 14.620611535068866 3.1198804905851247 16.47795266398181 2.3554053859168027 12.531277661408605 
2.780876875927626 15.176193153673468 3.7553721349660947 16.86098870442862 2.408958372182541 13.0284014665739 
3.6123388805127368 15.73177477227807 4.395359873528321 17.246734719314734 2.4625113584482796 13.525525271739195 
4.028069882805292 16.00956558158037 5.037701874099875 17.633899741368293 3.248338558998402 14.143971397829057 
4.443800885097848 16.28735639088267 5.68004387467143 18.02106476342185 4.034165759548525 14.76241752391892 
5.275262889682958 16.842938009487273 6.322182943066513 18.408107470197084 4.427079359823587 15.07164058696385 
5.690993891975514 17.120728818789573 7.178638943828586 18.92432749960183 5.015471095643084 15.53470497234796 
6.3145903954143465 17.537415032743024 8.035094944590659 19.440547529006576 5.408384695918146 15.84392803539289 
6.938186898853179 17.954101246696474 8.891550945352732 19.95676755841132 5.801298296193207 16.15315109843782 
7.561783402292012 18.370787460649925 9.748006946114806 20.472987587816064 6.194211896468268 16.462374161482753 
8.393245406877123 18.926369079254528 10.206525835616215 20.27358741737884 6.78358229688086 16.926208756050148 
9.224707411462234 19.48195069785913 10.665044725117625 20.07418724694162 7.372952697293452 17.390043350617546 
10.056169416047343 20.037532316463732 11.123563614619034 19.874787076504397 7.962323097706044 17.85387794518494 
10.725214562129334 19.698594870164087 11.582082504120443 19.675386906067175 8.748150298256165 18.4723240712748 
11.25149423752426 19.363524175968955 12.183366864308919 19.472119983525438 9.533977498806287 19.090770197364666 
11.861237979342624 19.02161669237861 12.702141314492518 19.277251893087048 10.431385351723279 18.649568264546012 
12.417766373784357 18.654144649396443 13.274647558184746 19.10881540916913 11.32879320464027 18.20836633172736 
13.0669295670519 18.314489815326553 13.75576014685377 18.91477683886175 12.226201057557262 17.767164398908704 
13.678512737786482 17.934299625455026 14.274823712995447 18.761986344621135 13.123608910474253 17.32596246609005 
14.251047240700965 17.854255354499195 15.178125973763596 18.332981652699065 13.677653319919362 16.864589568525695 
15.14673105077878 17.409563874521794 15.84405348111797 18.016713181399044 14.13224566842921 16.656393034749794 
15.76162974523689 17.026534398818164 16.352568774602293 17.85172170115859 15.041430365448907 16.239999967197992 
16.43826223833768 16.703009331350106 17.24967067188257 17.409897996615552 15.496022713958755 16.03180343342209 
17.11489473143847 16.37948426388205 17.698221620522705 17.188986144344035 16.405207410978452 15.615410365870288 
17.7902289540366 16.054157543802198 18.596621788305637 16.748964092412795 16.8597997594883 15.407213832094385 
18.467149963624045 15.731236583226528 19.04496700194673 16.527634994901593 17.768984456507997 14.990820764542582 
19.13463522803725 15.39531044632108 19.951093174403155 16.097981976208967 18.223576805017846 14.78262423076668 
19.589429060804083 15.187554412287758 20.680971156417648 15.414404525315177 18.872107077621646 14.485607012488696 
20.13079904309428 14.668498979530225 21.045910147424895 15.072615799868283 19.594242087855825 13.793854869742406 
20.85262568614788 13.976425069186849 21.41084913843214 14.730827074421388 20.1308088827496 13.279863407157155 
21.1769428863333 13.58093088105447 22.177323241788013 14.09670685648829 20.667992771213093 12.765280814391154 
21.927210411751716 12.930050010802772 22.537965453169058 13.75038735751344 21.184026563506663 12.218654335682682 
22.289068546402984 12.585001187610017 23.259249875931143 13.05774835956374 21.713173890574932 11.720672644512705 
23.01278481570552 11.894903541224508 23.619892087312188 12.71142886058889 22.24617083051027 11.219068074367765 
23.374642950356787 11.549854718031753 24.341176510074273 12.018789862639192 22.784456319226052 10.712486439555198 
24.098359219659322 10.859757071646245 24.701818721455318 11.672470363664342 23.32552207707683 10.203288287461099 
24.46021735431059 10.514708248453491 25.423103144217404 10.979831365714642 23.871692327719238 9.689286286187555 
