0.4714045207910317 -0.4714045207910316 0.47140452079103157 0.9428090415820634 -0.9428090415820634 -0.47140452079103173 
0.8584424155401431 -0.08063391285310623 0.5469116487831549 1.0083733125105279 -0.28312936850348114 0.2801423699130247 
1.2454803102892544 0.31013669508481917 0.6224187767752782 1.0739375834389924 0.3765503045751011 1.0316892606170809 
1.6415595262214897 0.689823696059211 1.1816624818391892 1.235260977222375 0.5434520793987718 1.6985606354297527 
2.520284957875889 1.1907168061619802 1.235603840378974 1.403843971341951 0.9031694582727032 1.966934697022551 
2.5887315904506987 1.263621253825816 1.7981779653398733 1.4969901995178 1.7010881184929207 2.4920683428853696 
2.8257094366632187 1.286775816859992 1.9247960545511622 2.010654536647852 2.6914325810538076 2.630755984329655 
2.8913338280549246 1.3622306991040734 2.277146266348269 2.414880335170733 3.6926670887901265 2.7779599414929335 
2.9569582194466304 1.4376855813481546 2.6332231750853423 2.834057189331659 4.683633175821407 2.912072634232709 
3.0225826108383362 1.5131404635922359 3.2806357364254755 3.596196924169706 4.346786017677164 3.3468530294325705 
3.3835167634927195 1.9281423159346833 3.9280482977656086 4.358336659007753 4.285541079832757 3.425904010378 
3.4491411548844253 2.0035971981787646 3.6449809989055475 5.318876209294633 3.9491897690578934 3.859391108764222 
3.8100753075388085 2.418599050521212 3.362438126873588 6.278130881143528 3.887951398982673 3.9384471776680723 
4.171009460193192 2.8336009028636595 3.079895254841629 7.237385552992423 3.8267130289074522 4.0175032465719225 
4.236633851584898 2.909055785107741 2.7973523828096702 8.19664022484132 3.48990199349374 4.4523116255431 
4.597568004239281 3.3240576374501885 3.6594765232987445 8.703337339877487 3.4286636234185193 4.53136769444695 
4.958502156893664 3.739059489792636 4.521600663787819 9.210034454913655 3.3674252533432987 4.6104237633508 
5.319436309548047 4.154061342135083 5.383724804276893 9.716731569949822 3.306186883268078 4.6894798322546505 
5.253318098129408 4.229083886205516 6.245848944765967 10.22342868498599 2.9693758478543657 5.124288211225828 
4.88966793532689 4.641707878592898 6.324370215362371 10.161506071475849 2.356992147102161 5.914848900264332 
4.526017772524372 5.05433187098028 6.402891485958774 10.099583457965707 1.7446084463499565 6.705409589302835 
4.162367609721854 5.466955863367662 6.481412756555177 10.037660844455566 1.1322247455977519 7.495970278341339 
3.7987174469193357 5.879579855755043 6.559934027151581 9.975738230945424 1.8308572778767023 8.211450945334866 
3.4350672841168173 6.2922038481424245 6.638455297747984 9.913815617435283 2.5294898101556527 8.926931612328392 
3.071417121314299 6.7048278405298065 6.716976568344387 9.851893003925142 3.2281223424346033 9.642412279321919 
2.7077669585117805 7.117451832917188 6.795497838940791 9.789970390415 3.926754874713554 10.357892946315445 
3.0672386171638686 7.5337211287172945 6.874019109537194 9.728047776904859 4.6253874069925045 11.073373613308972 
3.4267102758159567 7.949990424517401 6.952540380133597 9.666125163394717 5.324019939271455 11.788854280302498 
4.080295109728843 8.706843689608505 7.031061650730001 9.604202549884576 5.804565870173519 11.521318099023278 
4.73387994364173 9.463696954699607 7.109582921326404 9.542279936374435 6.285111801075583 11.253781917744057 
5.387464777554617 10.220550219790711 7.541449909606624 9.201705562068657 6.372483788512322 11.20513897569329 
6.258946005044458 9.730121356312226 7.619971180203027 9.139782948558516 6.853029719414386 10.937602794414069 
6.346094127793442 9.681078469964378 8.405183886167062 8.5205568134571 7.33357565031645 10.670066613134846 
7.217575355283285 9.190649606485893 8.483705156763467 8.458634199946959 7.814121581218514 10.402530431855624 
7.304723478032269 9.141606720138045 8.915572145043686 8.11805982564118 8.687841455585904 9.91610101134795 
8.17620470552211 8.65117785665956 9.347439133323906 7.777485451335401 8.775213443022643 9.867458069297182 
8.263352828271094 8.602134970311711 9.779306121604126 7.436911077029622 9.648933317390032 9.381028648789506 
8.350500951020077 8.553092083963863 9.865059426409594 6.440594676123293 9.707587402087704 8.83416513899179 
9.221982178509919 8.062663220485378 9.87363475689014 6.340963036032661 9.766241486785376 8.287301629194072 
8.86024521123998 6.905948559897082 9.920799074533148 5.79298901553418 10.157006442309488 8.344755186017242 
8.913037660783056 6.358488098063315 9.929374405013695 5.693357375443547 10.189979143137506 7.3452989333477685 
8.965830110326133 5.811027636229548 10.015127709819163 4.697040974537218 10.193276413220309 7.245353308080821 
9.01862255986921 5.2635671743957815 10.02370304029971 4.597409334446586 10.226249114048327 6.245897055411348 
9.071415009412286 4.716106712562015 10.109456345105178 3.601092933540257 10.22954638413113 6.1459514301444 
9.124207458955363 4.168646250728248 10.118031675585724 3.501461293449624 10.26251908495915 5.146495177474927 
9.17699990849844 3.6211857888944805 10.203784980391191 2.5051448925432953 10.265816355041952 5.0465495522079795 
9.229792358041516 3.073725327060713 10.212360310871738 2.4055132524526623 10.298789055869971 4.047093299538506 
9.282584807584595 2.526264865226946 10.298113615677206 1.4091968515463336 10.302086325952773 3.9471476742715588 
