0.4714045207910317 -0.4714045207910316 0.47140452079103157 0.9428090415820634 -0.9428090415820634 -0.47140452079103173 
1.0695539944942039 0.13251369147667108 0.6224187767752782 1.0739375834389926 0.046710468035809916 0.6559158152650528 
1.667703468197376 0.7364319037443741 1.0069119886732218 1.3745951810709647 0.8027510217399865 1.6137070955460944 
2.7817855519790093 1.7456498439157493 1.4225627904520444 1.1837107945799947 1.2908831715467135 2.2426625387575787 
2.925726388678658 1.8845060124146857 1.9294666436708603 1.8660219285884594 2.765232522474795 2.518876208618334 
3.158010909326409 1.6883436098571942 2.4328023132579215 2.5482668603783893 4.1548063730865294 3.130174651754052 
3.289794234718379 1.8387868056110537 2.9752165114215026 3.202703135068721 5.645738964276558 2.9654931150615993 
3.4215775601103493 1.9892300013649131 3.9324180375925275 4.357590678639895 5.048273355216026 3.5700878933965834 
3.55336088550232 2.1396731971187726 3.507342772537126 5.79610067827079 4.450807746155495 4.174682671731567 
4.113440018418195 2.7790567790726746 3.0822675074817245 7.234610677901685 4.310227602847134 4.3169402666339165 
4.6735191513340695 3.418440361026577 2.6571922424263237 8.67312067753258 4.169647459538774 4.459197861536266 
4.80530247672604 3.5688835567804365 4.020421560935283 9.298904845722857 3.572181850478242 5.06379263987125 
5.365381609641915 4.208267138734339 5.383650879444242 9.924689013913136 3.431601707169882 5.206050234773599 
5.230767530765068 4.35618282339333 6.746880197953201 10.550473182103413 2.8341360981093504 5.810645013108583 
4.6586576955384675 4.984824483194041 6.889012706728429 10.409766572630867 1.779785023296648 6.8775769748762015 
4.0865478603118675 5.613466142994751 7.031145215503656 10.26905996315832 0.725433948483946 7.94450893664382 
3.5144380250852674 6.242107802795461 7.173277724278884 10.128353353685773 1.8745331632079958 8.908651558210035 
2.9423281898586673 6.870749462596171 7.315410233054111 9.987646744213226 3.0236323779320458 9.87279417977625 
3.447538458867065 7.554315541397966 7.4575427418293385 9.846940134740679 4.1727315926560955 10.836936801342464 
3.9527487278754627 8.237881620199762 7.599675250604566 9.706233525268132 5.321830807380145 11.801079422908678 
4.844296261419694 9.444174700438225 7.741807759379793 9.565526915795585 6.063799104363132 11.386371035879712 
5.735843794963925 10.650467780676687 7.883940268155021 9.424820306323038 6.8057674013461185 10.971662648850746 
6.943477884098411 9.760737536861 8.488003430449739 8.826817216064715 6.980348177106821 10.87408420484393 
7.627803867941287 9.256557065365445 8.630135939224967 8.686110606592168 8.289703995312092 10.142245874792813 
7.788821746492552 9.13792636619002 9.696129755039173 7.630811035548065 9.031672292295077 9.727537487763847 
8.996455835627039 8.248196122374335 9.838262263814402 7.4901044260755185 9.773640589278063 9.31282910073488 
9.007223388893836 8.048486183220955 9.95235217789508 5.9944495556240955 9.84870677575105 8.466150255098352 
9.033729659759727 6.523734864312155 9.96756416643917 5.795028906230573 9.97802334085913 7.646398184720275 
9.046946559422985 6.324172058250276 10.081654080519849 4.299374035779149 10.042833608889682 6.7988725926831926 
9.14607330689742 4.827451012786179 10.096866069063939 4.099953386385626 10.107643876920234 5.951347000646109 
9.159290206560678 4.6278882067242995 10.210955983144617 2.6042985159342025 10.172454144950786 5.103821408609026 
9.258416954035114 3.1311671612602026 10.226167971688707 2.404877866540679 10.237264412981338 4.256295816571942 
9.271633853698372 2.931604355198323 10.340257885769386 0.9092229960892562 10.30207468101189 3.4087702245348592 
