0.4714045207910317 -0.4714045207910316 0.47140452079103157 0.9428090415820634 -0.9428090415820634 -0.47140452079103173 
1.104739257653214 0.16803829219830085 0.6979259047674016 1.139501854367457 0.046710468035809916 0.6559158152650528 
1.7380739945153962 0.8074811051876334 1.0760783750493408 1.4487943880675251 0.8845988913481143 1.6706364304064631 
2.8498737671940875 1.818734380569091 1.5717009710976082 1.3230195725189118 1.4202214042224837 2.306820046900939 
3.066082782401249 2.026709527505328 2.094734531331428 2.0513852085891537 2.896525560220963 2.5730132394242338 
3.4374864519434793 1.8252118573768723 2.5498418642913703 2.763072177345655 4.283580585491883 3.2643589274386744 
3.626872713752791 2.05787651700075 3.1374732607889624 3.4447534385303014 5.738165952578379 2.8980511199081196 
3.816258975562103 2.2905411766246275 4.116858921618282 4.580888873838045 5.103811438104392 3.536482282968376 
4.005645237371415 2.523205836248505 3.6163874582480493 5.994935660317212 4.469456923630405 4.174913446028633 
4.573804022799351 3.2211998151201375 3.1159159948778163 7.408982446796379 4.258005418805743 4.387723833715385 
4.763190284608663 3.453864474744015 2.615444531507584 8.823029233275546 3.6236509043317557 5.026154996775642 
5.331349070036598 4.151858453615648 3.9981784120213093 9.404447340733041 3.4121993995070934 5.238965384462394 
5.132614229321984 4.376590434175017 5.380912292535035 9.985865448190536 2.7778448850331063 5.87739654752265 
4.9338793886073695 4.601322414734386 6.763646173048761 10.56728355564803 2.1434903705591193 6.515827710582907 
3.940205185034297 5.724982317531233 6.975849637661792 10.355222975609623 1.5091358560851327 7.1542588736431645 
3.344000662890453 6.399178259209341 7.188053102274823 10.143162395571215 2.4641670156611815 8.310941839817918 
2.747796140746609 7.073374200887449 7.400256566887855 9.931101815532807 3.41919817523723 9.467624805992672 
3.3268878055553603 7.762324738842845 7.612460031500886 9.7190412354944 4.374229334813278 10.624307772167427 
3.9059794703641115 8.45127527679824 7.824663496113917 9.506980655455992 5.329260494389327 11.780990738342181 
4.871132245045363 9.599526173390567 8.036866960726949 9.294920075417584 6.115938614337414 11.343797948379967 
5.836285019726615 10.747777069982893 8.24907042533998 9.082859495379177 6.9026167342855 10.906605158417753 
7.015746756975171 9.82102467027377 8.461273889953011 8.87079891534077 7.689294854233586 10.469412368455538 
8.148321928254845 8.849137152956933 9.097884283792103 8.234617175225544 7.998407460185163 10.368816556075847 
8.39217885763516 8.674397924409925 9.734494677631195 7.598435435110319 9.292438237701857 9.610209710048514 
8.636035787015476 8.499658695862918 9.870069463403892 6.104574840053776 10.068856704211873 9.155045602432113 
8.796040902800241 7.008216989686407 9.897184420558432 5.805802721042467 10.107493221956997 8.25587530738421 
8.8920439722711 6.1133519659805 9.924299377712972 5.507030602031159 10.171887418198871 6.757258148971041 
8.98804704174196 5.218486942274593 10.059874163485668 4.013170006974616 10.184766257447246 6.457534717288407 
9.084050111212818 4.323621918568686 10.086989120640208 3.7143978879633077 10.24916045368912 4.958917558875238 
9.180053180683677 3.4287568948627793 10.222563906412905 2.2205372929067653 10.262039292937494 4.659194127192604 
9.276056250154536 2.5338918711568725 10.249678863567445 1.9217651738954569 10.326433489179369 3.1605769687794347 
