0.4714045207910317 -0.4714045207910316 0.47140452079103157 0.9428090415820634 -0.9428090415820634 -0.47140452079103173 
1.2806655734482646 0.3456612958064485 0.6979259047674016 1.139501854367457 0.3765503045751011 1.031689260617081 
2.098940107925853 1.150448443510411 1.3894704016210446 1.507499456188552 1.2218730560346371 2.37575692188301 
2.500643230035924 1.2641412381257917 2.0194626460238614 2.320327345530297 3.1772804395702554 2.7895940106525474 
2.7091982002993364 1.4797910106237637 2.8013916341422065 3.1635871261081574 5.167824409937126 2.9838482307768293 
2.917753170562749 1.6954407831217357 4.161268135217589 4.630125874939219 4.403261066750456 3.8428842569452444 
3.717213889905831 2.5220982443639617 3.4178548942178315 6.67536690710808 4.25564172270984 3.898362966193387 
3.9257688601692435 2.7377480168619335 2.718519439743429 8.549114468044472 3.503820473432042 4.768572601358599 
4.725229579512325 3.5644054781041596 4.511240639709746 9.435765864700073 3.307693191011747 4.995583810532133 
5.524690298855407 4.391062939346385 6.303961839676063 10.322417261355675 3.1115659085914515 5.2225950197056665 
4.705105446813361 5.197772720062609 6.535424973431484 10.131564392076431 1.8040506924561506 6.736003080862556 
3.8855205947713154 6.004482500778833 6.7668881071869045 9.940711522797187 0.4965354763208487 8.249411142019445 
3.0659357427292697 6.811192281495057 6.998351240942324 9.749858653517942 2.1059922621796225 9.436697482567986 
2.246350890687224 7.6179020622112805 7.229814374697744 9.559005784238698 3.715449048038397 10.623983823116525 
3.1228179915176137 8.362418966762124 7.461277508453164 9.368152914959452 5.32490583389717 11.811270163665066 
4.647108601657422 9.657230974676636 7.692740642208584 9.177300045680209 6.327728091140823 11.248378059992662 
6.17139921179723 10.952042982591149 7.9242037759640045 8.986447176400965 7.330550348384477 10.685485956320258 
7.633301139810056 9.587183007036007 8.811479122026448 8.254844510830527 7.592156154621952 10.538644537970937 
8.475953367684697 8.7547837636544 9.042942255781869 8.063991641551283 9.334136243604519 9.607306506412852 
9.271677907225808 8.07707717639783 10.653481310547896 6.709459505073479 9.590498358924167 9.451491019926959 
9.283344714984347 6.927136358095982 10.636685717839756 6.4099300272827575 9.819270064238959 7.464618224087386 
9.124856188229284 5.606546014016034 10.524715099785487 4.413066842011282 10.023741154549779 7.337236830489549 
9.191221392981126 4.458462541615946 10.507919507077347 4.11353736422056 10.166138947746415 5.342312554108932 
9.257586597732969 3.310379069215857 10.39594888902308 2.1166741789490846 10.18749861672591 5.043073912651839 
9.32395180248481 2.1622955968157678 10.37915329631494 1.8171447011583632 10.329896409922545 3.048149636271222 
