0.4714045207910317 -0.4714045207910316 0.47140452079103157 0.9428090415820634 -0.9428090415820634 -0.47140452079103173 
1.1751097839712341 0.23908749364155996 0.8489401607516482 1.2706303962243861 0.046710468035809916 0.6559158152650528 
1.8788150471514364 0.9495795080741516 1.2264758007122651 1.5984517508667089 1.0362299776536834 1.7832361513211372 
2.2990237693362077 1.2364870716484888 2.2835620422569596 1.9620746599330188 2.1208219825402104 2.5402749960982134 
2.6623102917829216 1.3119212807425675 2.7715195792652523 2.774524948226875 3.497502226405791 3.137165040402016 
3.002760006670548 1.6781097453791998 3.2008507142056177 3.4918320727931302 5.161950470419864 3.1096305276203 
3.3432097215581744 2.044298210015832 4.166623157627553 4.639561826492503 4.487576987046474 3.8480209425925147 
4.024109151333427 2.7766751392890963 3.590540138047944 6.181247829162106 4.205200725041525 4.082041768103434 
4.364558866221053 3.1428636039257283 3.0714398222328585 7.588562599254668 3.5386478956794054 4.82749956413843 
5.045458295996306 3.8752405331989923 2.5523395064177734 8.995877369347228 3.2053714809983456 5.200228462155928 
4.748920946167481 4.277814253350343 3.9565303065018345 9.52336973607805 2.538818651636226 5.945686258190923 
4.452383596338657 4.680387973501693 5.3607211065858955 10.050862102808873 1.872265822274106 6.691144054225918 
4.1558462465098325 5.0829616936530435 6.764911906669957 10.578354469539695 1.2057129929119859 7.436601850260914 
3.5627715468521846 5.888109133955744 7.117973565306463 10.224310029955003 2.236990871248678 8.525852022468094 
2.9696968471945366 6.693256574258445 7.47103522394297 9.87026559037031 3.2682687495853706 9.615102194675273 
2.3766221475368887 7.498404014561146 7.824096882579476 9.516221150785618 4.299546627922063 10.704352366882453 
3.1122398031992926 8.175800991730183 8.177158541215983 9.162176711200926 5.330824506258756 11.793602539089633 
4.215666286692899 9.191896457483738 8.53022019985249 8.808132271616234 6.203910433399708 11.306036170450016 
5.319092770186505 10.207991923237294 8.883281858488997 8.454087832031542 7.07699636054066 10.818469801810396 
6.633394565436275 9.485073676819878 9.236343517125505 8.10004339244685 7.950082287681612 10.330903433170779 
7.947696360686044 8.762155430402462 9.589405175762012 7.745998952862157 8.823168214822564 9.843337064531159 
8.823897557519224 8.280209932790852 9.94246683439852 7.391954513277466 10.132797105533992 9.111987511571732 
8.90474962232288 7.283483820151584 10.034020464579486 5.894751142722654 10.149193439311965 8.612256423646794 
8.985601687126536 6.286757707512317 10.064538341306475 5.395683352537717 10.198382440645881 7.113063159871983 
9.06645375193019 5.290031594873049 10.156091971487442 3.898479981982906 10.214778774423854 6.613332071947045 
9.147305816733846 4.293305482233782 10.186609848214431 3.3994121917979694 10.26396777575777 5.114138808172234 
9.228157881537502 3.2965793695945145 10.278163478395395 1.9022088212431583 10.280364109535743 4.614407720247296 
9.309009946341156 2.299853256955247 10.308681355122385 1.4031410310582213 10.329553110869659 3.1152144564724846 
