0.4714045207910317 -0.4714045207910316 0.47140452079103157 0.9428090415820634 -0.9428090415820634 -0.47140452079103173 
1.3510360997662847 0.4167104972497078 0.8489401607516482 1.2706303962243861 0.3765503045751011 1.031689260617081 
2.2354344483053383 1.2967186196395 1.6416617080008336 1.8189763523519893 1.2759569738798968 2.3223653361908605 
2.7566740434434673 1.5011812447948358 2.5871624890424205 2.5387082725490164 3.026583661211625 2.9574780604805277 
3.1025374136295447 1.8622609162851158 3.052733459963661 3.267539664453804 5.31073570408802 3.265460763825248 
3.4484007838156217 2.223340587775396 4.312496777106012 4.8209219048513505 4.436078181599608 4.1584748837328975 
4.313059209280815 3.126039766501096 3.4730865608279036 6.9833132818491865 4.146022796530896 4.19508713439049 
4.658922579466892 3.487119437991376 2.631916264197733 8.797819421840758 3.3066376017989736 5.1213335891015745 
5.523581004932084 4.3898186167170765 4.470691972888054 9.584523872781777 2.970883523906205 5.491832170986008 
5.167372981556667 4.740697291023421 6.309467681578376 10.371228323722795 2.131498329174283 6.418078625697093 
4.276852923118124 5.617893976789284 6.692733481824875 10.050125028253236 0.7884820176032072 7.900072953234828 
3.3863328646795807 6.495090662555146 7.075999282071374 9.729021732783677 2.3047405320506877 9.204281570506435 
2.4958128062410374 7.3722873483210085 7.459265082317873 9.407918437314118 3.820999046498168 10.508490187778044 
3.381093726753943 8.254771167875692 7.842530882564372 9.086815141844559 5.337257560945648 11.812698805049651 
4.7975431995745925 9.666745279163184 8.225796682810872 8.765711846375 6.426502749584058 11.199473790044493 
6.213992672395241 11.078719390450678 8.609062483057372 8.444608550905441 7.515747938222469 10.586248775039337 
7.637444233910897 9.673804570250306 8.992328283303872 8.123505255435882 8.60499312686088 9.973023760034181 
9.060895795426553 8.268889750049937 9.375594083550371 7.802401959966323 9.69423831549929 9.359798745029025 
8.870614283006027 7.382578477763087 10.003413492703043 7.118788676737544 9.89421080607014 7.369821106206193 
8.977676977569422 6.137171885748726 10.310547739201754 4.663193444652238 9.744751551138675 7.330822878687434 
9.084739672132816 4.891765293734365 10.313657751503726 4.163203116922309 10.014086192394625 5.349041142214033 
9.19180236669621 3.646358701720004 10.326097800711612 2.163241806002594 10.081419852708613 4.853595708095683 
9.298865061259606 2.400952109705643 10.329207813013582 1.6632514782726653 10.350754493964562 2.8718139716222817 
