0.4714045207910317 -0.4714045207910316 0.47140452079103157 0.9428090415820634 -0.9428090415820634 -0.47140452079103173 
1.2102950471302443 0.2746120943631896 0.5469116487831549 1.0083733125105279 0.3765503045751011 1.031689260617081 
1.9564398438538242 1.0126048393282168 1.1105464982459914 1.0141626177554885 1.2005276588771854 2.6025818778978915 
2.183152644685384 1.0810822331236216 1.6342672043166928 1.8163518749099468 3.191344204298466 2.7940224234384816 
2.3035167088525634 1.085389538477434 2.3263754800255367 2.6259148424787515 5.182160749719746 2.985462968979072 
2.3733053559875077 1.1570103785386496 3.676760335460075 4.101198117722202 4.482610182767202 3.7684885140772977 
3.1060861509044217 1.9090291991814148 3.1175022830105377 6.100931674745846 4.534455123426263 3.7941503989054635 
3.838866945821336 2.66104801982418 2.7496620430185654 8.06681406132004 4.467041924734146 3.8680114890822077 
3.90865559295628 2.732668859885396 4.455792650497397 9.110422393130357 3.759203338466915 4.64355293593802 
4.641436387873194 3.4846876805281615 6.1619232579762295 10.154030724940673 3.6917901397747976 4.717414026114764 
5.374217182790108 4.236706501170927 7.868053865455062 11.197639056750988 3.6243769410826805 4.791275116291509 
5.306478801618109 4.310269479061962 6.1619232579762295 10.154030724940673 2.916538354815449 5.566816563147321 
5.23874042044611 4.383832456952996 7.868053865455062 11.197639056750988 2.208699768548218 6.342358010003134 
4.527487418140115 5.1562437248088635 6.1619232579762295 10.154030724940673 2.141286569856101 6.4162191001798785 
4.459749036968116 5.229806702699898 7.868053865455062 11.197639056750988 1.4334479835888696 7.191760547035691 
4.392010655796117 5.303369680590933 6.972335296528675 10.649744682550573 2.7273962426928957 8.716784449393177 
3.680757653490122 6.0757809484468 7.0400762319586745 10.5761840567575 4.021344501796922 10.241808351750665 
2.9695046511841268 6.848192216302667 7.107817167388674 10.502623430964427 5.315292760900949 11.766832254108152 
4.145519814020241 8.46590304855284 7.81909698940367 9.730236860137152 5.402863383437288 11.718547825266153 
5.321534976856355 10.083613880803014 7.88683792483367 9.65667623434408 6.3223549200688485 11.211561322425169 
5.410279474946252 10.037522514379656 9.241656633433662 8.185463718482605 7.241846456700409 10.704574819584185 
7.185169436744193 9.115695185912495 9.30939756886366 8.111903092689532 8.16133799333197 10.1975883167432 
8.116986666688112 8.631735838467236 9.37713850429366 8.03834246689646 9.91275044405875 9.231899739903229 
8.205731164778008 8.585644472043878 10.088418326308656 7.265955896069185 10.047421522349639 7.2364389658783494 
9.137548394721927 8.101685124598617 10.572302688193293 5.559629263665452 9.648384298029368 6.844518574749066 
9.20168943920641 6.10271390759412 10.517347798833839 4.51106836408189 9.665924345558969 6.746068857976191 
9.144914800163154 3.9361729914741366 10.512113999847225 4.411205421264408 9.971010528147513 5.879916530976487 
9.154600538013641 3.836643164375464 10.407438020114933 2.413946564914765 10.102078004059893 4.838128972614439 
9.256300785443765 2.791579979839404 10.402204221128319 2.3140836220972827 10.351730339131091 2.8537717185914904 
9.358001032873888 1.7465167953033436 10.34017217726002 -0.13914223466509057 10.309086403267093 3.3097387190042205 
9.358001032873888 1.7465167953033436 10.3281653874511 1.8608217242597909 10.309086403267093 3.3097387190042205 
