0.4714045207910317 -0.4714045207910316 0.47140452079103157 0.9428090415820634 -0.9428090415820634 -0.47140452079103173 
1.1399245208122242 0.2035628929199303 0.6224187767752782 1.0739375834389926 0.17864640265152643 0.8062251934058644 
1.8084445208334166 0.8785303066308923 1.1859176908124298 1.4539037278559825 0.8876171888322115 1.835017305042699 
2.0656239336873563 0.9125539734136944 2.073363057616533 1.8153593617829007 2.2239146911150858 2.659679410557789 
2.2058105441282017 0.9572181982217997 2.516126600572853 2.599701167039953 3.938813803726836 2.984788871106125 
2.3448041747149047 1.1010263018054542 3.113400101510927 3.3384598320159897 5.638712679814162 3.0033310143760827 
2.4837978053016077 1.244834405389109 4.182205313715901 4.6604490219731085 4.96874174348427 3.676858255453419 
3.144017550588447 1.9279228974114684 3.5836794195236643 6.251601671463843 4.827695230572714 3.8186534641012795 
3.8042372958752866 2.611011389433828 2.9851535253314276 7.842754320954577 4.686648717661158 3.96044867274914 
3.9432309264619896 2.7548194930174823 2.386627631139192 9.433906970445312 4.016677781331266 4.633975913826476 
4.603450671748829 3.4379079850398417 4.029002836214707 9.872773334790041 3.87563126841971 4.775771122474336 
5.263670417035668 4.120996477062201 5.671378041290222 10.311639699134771 3.7345847555081537 4.917566331122196 
5.133618122171312 4.272938573271628 7.313753246365737 10.7505060634795 3.0646138191782617 5.591093572199532 
4.5158697215656245 4.994663530266407 7.439177310486898 10.594721583702691 1.8657184594300342 6.796352845706345 
3.8981213209599366 5.716388487261185 7.56460137460806 10.438937103925882 0.6668230996818068 8.001612119213156 
3.2803729203542487 6.438113444255964 7.690025438729221 10.283152624149073 1.9835785873765537 9.076858595899209 
2.6626245197485607 7.159838401250743 7.815449502850383 10.127368144372264 3.3003340750713006 10.152105072585261 
3.2935268733928695 7.8700934400685405 7.940873566971544 9.971583664595455 4.617089562766047 11.227351549271313 
3.9244292270371783 8.58034847888634 8.066297631092706 9.815799184818646 5.9338450504607945 12.302598025957366 
5.053412386190152 9.851331179928714 8.191721695213866 9.660014705041837 6.693597811215291 11.732268522489484 
5.236975127438015 9.771928912797543 8.787485999789382 8.920038426101998 8.053155383091758 10.711678884704853 
6.797258428044857 9.097009642182591 9.383250304364898 8.18006214716216 8.213103332724284 10.591609515553719 
7.66918144897221 8.71984887330953 9.508674368486059 8.02427766738535 9.572660904600752 9.57101987776909 
9.229464749579051 8.044929602694577 10.104438673061576 7.2843013884455114 9.732608854233279 9.450950508617955 
9.232900794678516 7.8449591208877 10.13901782783094 6.334930922265192 9.890234045701032 7.758273841615438 
8.928024031960224 6.189266964337138 10.173596982600305 5.385560456084873 10.242861331937442 7.515078471395486 
8.947283992174606 5.990196489548584 10.208176137369668 4.436189989904554 10.276918665810948 5.8154196532765585 
9.110993653996863 4.298097453845873 10.242755292139032 3.4868195237242343 10.280925410972538 5.61545979232139 
9.130253614211245 4.099026979057319 10.277334446908394 2.537449057543915 10.314982744846043 3.915800974202463 
9.2939632760335 2.406927943354609 10.311913601677759 1.588078591363596 10.318989490007633 3.7158411132472953 
