0.4714045207910317 -0.4714045207910316 0.47140452079103157 0.9428090415820634 -0.9428090415820634 -0.47140452079103173 
1.2454803102892544 0.31013669508481917 0.6224187767752782 1.0739375834389926 0.3765503045751011 1.031689260617081 
2.028597420970601 1.0805943039971366 1.2571696098313128 1.3008252481508398 1.2031317524773542 2.4501075261338086 
2.3639603571684 1.1638380297261657 1.8063603614289896 2.16958597129248 3.185637891058415 2.7140571624063594 
2.5038995397515653 1.3067261859111887 2.670389300656211 2.850360524414057 5.168144029639476 2.9780067986789103 
2.643838722334731 1.4496143420962118 3.9532980388057783 4.38468290565585 4.43730008664882 3.8001181846807537 
3.4135042265421403 2.2354992011138384 3.221451317021631 6.484993592792453 4.4581604665890895 3.7639085996383455 
3.5534434091253058 2.378387357298861 2.716496985678375 8.420199298462443 3.7286524416211764 4.587205655085172 
4.323108913332715 3.164272216316488 4.487696239192228 9.349098218879496 3.5960146188997375 4.736896028802777 
5.092774417540124 3.9501570753341144 6.258895492706082 10.277997139296549 3.4633767961782986 4.886586402520382 
4.424002914592625 4.823509625479441 6.4147245108246995 10.152628414679171 2.1369985689639117 6.3834901396964305 
3.7552314116451275 5.6968621756247675 6.570553528943317 10.027259690061793 0.8106203417495232 7.8803938768724775 
3.0864599086976297 6.570214725770094 6.7263825470619345 9.901890965444416 2.320562965798418 9.191909516154121 
2.4176884057501318 7.44356727591542 6.882211565180552 9.776522240827038 3.830505589847312 10.503425155435766 
3.2151998740201906 8.201178956116918 7.0380405832991695 9.65115351620966 5.340448213896207 11.814940794717408 
4.665220725420297 9.578654738301458 7.193869601417787 9.525784791592283 6.298652494836789 11.2747144014459 
6.115241576820404 10.956130520485996 8.050929201070183 8.836256806196712 6.4728714550078035 11.17649142085108 
7.162452767151924 9.340845520648752 8.2067582191888 8.710888081579334 7.856755547533227 10.89855627411497 
7.332612102956377 9.235746517615482 9.063817818841194 8.021360096183763 9.44401572913844 9.681755092372207 
9.034205461000907 8.184756487282778 9.920877418493589 7.331832110788191 9.602741747298962 9.56007497419793 
9.087345222782579 7.086040798072058 10.05088200818859 5.336061881864472 9.761467765459484 9.438394856023653 
9.140484984564251 5.987325108861338 10.063882467158091 5.1364848589721 9.93841343630969 7.446237676088453 
9.150146759433646 5.787558619913934 10.135384991490342 4.038811233064054 10.115359107159893 5.454080496153252 
9.246764508127596 3.789893730439898 10.206887515822594 2.9411376071560085 10.133053674244914 5.254864778159732 
9.25642628299699 3.5901272414924943 10.278390040154845 1.843463981247963 10.309999345095118 3.262707598224531 
9.35304403169094 1.5924623520184582 10.349892564487098 0.7457903553399174 10.309999345095118 3.262707598224531 
