3.7071067811865475 2.0 3.0 2.7071067811865475 2.2928932188134525 2.0 3.0 1.2928932188134525 
4.581280254615831 3.218942467203675 3.962517535332043 3.857567555910453 3.533500549219454 2.8431449767050108 4.1244835135028755 2.285635294007321 
4.949758825428948 3.5456946932466256 4.042266354500026 5.428907752060685 3.81061248060793 3.2528900995847803 4.635735196750693 2.487852521760511 
5.1995112121515215 3.9788502603658515 4.121032417793829 5.922664683427929 4.357140205961496 4.649782166073762 4.960417771186214 2.868090902066763 
5.120831970269329 5.44912550674015 4.199798481087632 6.416421614795172 4.539316114412685 5.115412854903423 5.227166394126297 4.3441820822313115 
5.3664461258356635 6.364373584107595 3.6859791184539636 7.8256730694982455 4.435677175081052 5.417023887472104 5.420263813762676 5.412713926543079 
5.158248002110408 7.1643126930637155 3.172159755820295 9.23492452420132 4.691081236271117 5.837404429375135 5.617916263416848 6.359771914306613 
4.8117596488231875 7.620289639774439 4.1949137718022085 10.03493426326472 3.784746785422452 7.032627363896076 5.060619599852467 6.734445258173499 
4.4776597525391955 8.08748884378776 5.376399120861619 10.959105443273037 3.0940380501303753 7.943495223682298 4.318912557737912 7.234847834121752 
4.0777476676052675 8.720306562280062 6.317380887854645 11.69515200589912 2.52074797939194 8.699517948006745 3.1245816610948856 8.043001634203293 
4.377030977993327 9.120843077623125 6.9113137466673615 11.222919328045318 3.4309883155567364 9.911715494458553 3.8078361957196956 9.076935529632278 
5.170403545798299 9.643041716941283 7.635563513991122 10.64707240867806 4.411381646838023 11.092804751709755 3.9578569492792317 10.036589710265265 
5.477822411887337 10.254417856933227 8.492366979554825 9.965832788855732 5.084516165154577 11.776822040611428 4.779534277071405 11.245013598847523 
5.922926084763879 11.139613254605015 9.666474550997805 9.032306457850403 6.050262810021741 12.898238391803897 4.87068642298063 11.326505856928042 
7.02399913559055 10.120968008828427 9.666474550997805 9.032306457850403 7.068442611015276 11.796734922518045 5.979832251146345 10.572479458360604 
8.12507218641722 9.102322763051838 9.666474550997805 9.032306457850403 8.086622412008811 10.695231453232195 7.220322243231408 9.729161855356374 
8.881218689540614 8.402782401094068 9.666474550997805 9.032306457850403 9.02997818557856 9.674675303577724 8.133527960908491 9.108340678406172 
