-1.414213562373095 -1.1102230246251565E-16 1.1102230246251565E-16 -1.414213562373095 1.414213562373095 1.1102230246251565E-16 -1.1102230246251565E-16 1.414213562373095 
-0.18213236173684977 0.8555559099432067 1.0786444524241396 -0.37184791383385596 2.278252022245065 1.2261474380603965 1.0344200058080708 2.5004802200516 
0.39061002648356535 1.253267631268003 2.1572889048482793 0.670517734705383 3.041134574632212 2.3087456447294397 1.379226674410761 2.862569105944435 
1.0179639038886306 1.6889015141342616 3.235933357272419 1.712883383244622 3.7538854773076578 3.320202580824888 1.7714794450857254 3.274482162317868 
1.7118275771797034 2.17071973039511 4.297966363482088 2.739196289967401 4.424959075062447 4.272515713690447 2.238412579395131 3.764818671973247 
2.4874178508785567 2.709288813353978 5.0873453644330295 3.5020255544393777 5.135533771817284 5.280884419992696 2.7974459444608426 4.35187161138959 
3.3196893735989494 3.2872172969418774 5.916598572213479 4.303387908631899 5.677580327760836 6.050096702485456 3.395451952368639 4.9798505598189715 
4.345156575725136 3.999300660261539 6.652244928709273 5.014291756290816 6.138970258484964 6.7048500587053645 4.063946741393353 5.6818512907330145 
5.371259741358475 4.7118256359820485 7.376609112080994 5.714292892051501 6.6000742265804435 7.359197608516436 4.716693411397666 6.367314583742759 
6.371945482226702 5.406700778264551 8.092133361319533 6.405751413371377 7.07289023866667 8.030165590635386 5.357296149194452 7.040025272804323 
5.619232237752913 6.7041686089230765 7.5808260556499825 6.981359156476956 6.83009744097366 8.467260154074925 4.98964199589949 8.169610312110573 
4.866518993279122 8.0016364395816 7.033228346029991 7.597821073349815 6.572114205832631 8.931701729814195 4.632093988634211 9.268145106892543 
4.113805748805332 9.299104270240127 6.445034382882283 8.259984503994378 6.26734983348949 9.480362363683916 4.284107211003295 10.337303864832402 
3.448239946140505 10.446354201716657 5.806056114141926 8.979318718633687 5.901238566444905 10.1394644703349 3.9424156552493193 11.387121107417206 
2.8727284954485945 11.438375531127948 5.120033650462908 9.751613261777207 5.4778392769569 10.901700950814725 3.612068154447026 12.402084739227734 
2.373861193896009 12.298283710350168 4.373771196094109 10.591723391948648 5.045706743780059 11.679659698898261 3.3079470809471734 13.336469980586838 
1.8805413379108984 13.148629639646574 3.6037233689070844 11.458610070420908 4.576625819918828 12.524135826613488 3.0410273204094826 14.156557460889793 
1.3922564271838866 13.990296726701963 2.8287829131260875 12.331004659442469 4.112816459499134 13.359121673962015 2.77579277225548 14.971467274411053 
0.9079867371420862 14.825042692453453 2.061801954859325 13.194438788972013 3.653123664673348 14.186696558307371 2.5078056997995812 15.794833976679206 
2.105788528836119 15.727966204061477 2.931049369716579 14.032296630700252 4.090953996843529 14.474863121542404 3.20015341295052 16.159462063822243 
3.3035903205301516 16.6308897156695 3.7609286122045478 14.832207932271645 4.602468577435645 14.811526408444475 3.947399087548856 16.55300241324389 
4.054805503844235 17.502430991820404 4.400198588917068 15.604726867126892 5.3669208317647445 15.206683796459071 5.109671758240652 16.939125202176804 
5.031159079733401 18.184213318706423 5.1819300735720395 16.32952865732689 6.061514281777117 15.678607610251783 5.977473991894124 17.42762681856401 
5.92684870039099 18.809668449736648 5.914601108884633 17.00884283162631 6.818661381696486 16.19303190692443 6.886837577546901 17.939524073777157 
6.751458094937977 19.385488650194578 6.543615279389555 17.592048965436252 7.623184011197932 16.73964429952632 7.902737685318643 18.511392669511384 
7.578218217082501 19.962810691893385 7.151706666007087 18.155856019747382 8.441865721566806 17.295876718695745 8.953592174740676 19.102937720633488 
8.408636140629426 20.54268695617405 7.756173377782314 18.716302366621026 9.276602745890273 17.863017511667078 10.010748096080349 19.698029962069175 
9.245160059555 21.126827003412053 8.376981227732356 19.291899806210655 10.130334881032292 18.44306404848144 11.040077160874434 20.277457961268162 
10.148375978321486 20.731051008370777 9.067399969449497 19.001639780394118 11.02851344488554 18.00103257363742 12.230139276114844 19.672057902756126 
11.071263368696458 20.326655262406145 9.82633141099646 18.682576223010773 11.931900738445519 17.556437663673716 13.312768276825018 19.121310465304628 
12.007754673764142 19.91629848014654 10.646543685782413 18.337749494434 12.834067543497657 17.112443407474043 14.31451040313487 18.611711231688624 
12.980184661641331 19.4901938931219 11.51482612291793 17.97271351352742 13.728327933014402 16.672340231133642 15.227372686744467 18.147326328721572 
13.93570773144001 19.071497670129137 12.42342230203246 17.590729169141476 14.588376733003205 16.24907401793665 16.116050261580547 17.695244501299136 
14.897100457211467 18.650229449804495 13.349524123647608 17.20138525014212 15.443174618937416 15.828392000552427 16.989782295558836 17.2507656646735 
15.872119828569284 18.22299023284 14.298267835450098 16.802522418585482 16.32113281227153 15.396311821099072 17.82706285266772 16.82483016788449 
16.80993080769892 17.8120551887228 15.302668259651385 16.38026086129675 17.184839983074657 14.971245169646634 18.64510431140456 16.4086818503788 
17.759563961978632 17.395939840498507 16.312828199994303 15.955577936795704 18.003629136248726 14.568284565230613 19.499045804135136 15.974270719191326 
18.784163311304404 16.946975402901064 17.280790131562533 15.548635543332221 18.87938422485588 14.1372886263402 20.295810669328176 15.568946081232612 
19.690593358628384 16.54979102377177 18.300349944089596 15.120000803826766 19.6753669846824 13.745552007992202 21.135505963677325 15.141782176238829 
20.408456198931564 15.85543090557893 19.00853687249853 14.433980330939258 20.40371710713836 13.0397539043091 21.851679775257615 14.44418533636416 
21.126646127709005 15.160754407739594 19.721013655977043 13.743804276685596 21.127681800429887 12.338205443061224 22.567355196888496 13.74707395860513 
21.84514117449232 14.4657827814123 20.436386434881687 13.050822872499566 21.848715716227108 11.639497013185654 23.28251276239656 13.050467004198289 
22.564504466036063 13.769971336528275 21.154655032561802 12.355036289502616 22.569127020223625 10.941391917084212 23.99658792992252 12.3549143712419 
23.28525121444478 13.072821728950286 21.873197807031623 11.658984111528712 23.287766937973494 10.245003359519979 24.71096475870887 11.659067901875193 
24.005635451162064 12.376022764485128 22.592112137747833 10.96257200712631 24.006627278632855 9.548401204035276 25.42570107613937 10.962871268710153 
24.72497844322475 11.680230954480187 23.312089762651706 10.265129889951606 24.725540954122838 8.851747365134658 26.140326758841695 10.266782400497561 
