-0.9428090415820635 -1.1102230246251565E-16 1.1785113019775793 -0.7071067811865475 -0.23570226039551598 0.7071067811865475 
0.23614021544291164 0.9274042534732408 2.10040451819408 0.4761568825393345 0.8473555351501433 1.744886050351131 
0.7864524773544906 1.360299841976476 3.0222977344105804 1.6594205462652165 1.2215687928056451 2.1034548752454367 
1.2104158939998952 1.6291765783466687 3.944190950627081 2.8426842099910985 1.8498383427292708 2.7580526673905537 
1.9694451160736635 2.235051478977572 4.803692867469065 3.9458677123882184 2.3692247142541847 3.2495286708127153 
2.848863154181545 2.937023551931377 5.450768608521531 4.776399056580331 3.014740733282121 3.860356467940651 
3.6913103588502305 3.5573090049013736 6.045980577842663 5.540362477856903 3.690887469317347 4.55072467494277 
4.619599103445758 4.307344884758544 6.559180046061206 6.199061633360657 4.385435481282094 5.200858312783546 
5.533330902341689 4.965231248946841 7.0910393490295345 6.881710964483628 5.086455367333315 5.939612620151879 
6.427284444301383 5.760456634428347 7.604714042228374 7.541020078322456 5.802430454685622 6.544467576510052 
5.688803607066957 7.066077579816993 7.3153845677193585 7.948804893121066 5.31751494099502 7.696007407094883 
5.086807635111173 8.140137760045189 6.9769652285182175 8.425777617018593 4.710850638171102 9.044113909748102 
4.355605762504434 9.425968364189975 6.5958694967078975 8.962899017043704 4.294895271344398 10.045704714626028 
3.7776516700595097 10.136786197211382 6.132272697425763 9.61629852035149 3.854715124532396 11.392584367856703 
3.1371511081143355 11.342385399616564 5.59782543962578 10.36955560351396 3.5582059484208393 12.062395054857324 
2.526652672678687 12.190642043282242 5.018242394321676 11.18642766672432 3.2814165632729293 13.02008048534584 
2.0058171626572205 13.279420314709988 4.407341322938505 12.047439772998672 2.912818981167736 13.762115063873983 
1.634315720758026 14.056023848764816 3.7351753232096887 12.994799485238419 2.479637931799216 14.634164510207071 
1.1756756443255314 15.014785953147982 3.151012052202081 13.81812697955689 2.0610554320714707 15.476825189072002 
2.3579669210850565 15.830287216186308 3.710482361006493 14.2315035737096 2.848381206910481 15.935244553180649 
2.931878316482668 16.457845281139612 4.334323571112662 14.692441983965699 4.165064649262092 16.52247217938545 
3.980676903122095 17.145156222524367 4.975720568356176 15.1663518627346 4.949020869637444 17.000892351185236 
4.93761148789703 17.78894711335942 5.663778073677557 15.67473785508294 5.784992840047663 17.495309217948286 
5.772907139023201 18.430754273414603 6.386099455841726 16.208440445093107 6.7255540078985945 17.97877541641272 
6.68202011307164 19.000819239548466 7.135614656367606 16.762235768961474 7.595381883775456 18.533481092601427 
7.55475871242961 19.54807542694087 7.879328016759917 17.311744279255482 8.507184613279179 19.114954926272485 
8.477437053634588 20.126646641241283 8.617823722809248 17.857397614131195 9.365020907575191 19.66201334424626 
9.337558304823652 20.66599104169199 9.36889757995283 18.412344584751747 10.267888003166911 20.237788755288204 
10.244738334496011 20.264134083454543 10.16233348768791 18.045299894253855 11.299454797632928 19.743500203539213 
11.16161526097774 19.85798165427561 10.985761784883527 17.66438067753461 12.29344800717412 19.267215520251423 
12.0872667707639 19.447942314846024 11.834784520744277 17.27162143350285 13.257476532425242 18.80528880242046 
13.041110282587614 19.025414657976818 12.704759804777147 16.86916950795264 14.178053665248646 18.36418238042472 
13.989101372548342 18.605479470486628 13.580105880188174 16.464233045920146 15.088098989833625 17.928122410359574 
14.932491118817952 18.187582557560514 14.459721419156088 16.057321523376082 15.987772421339738 17.497032266811093 
15.87231776905784 17.771264002717224 15.342671780172065 15.648867306942613 16.877253759103123 17.070825796605344 
16.82135775206445 17.350864183119683 16.244732613324963 15.231572556242442 17.746069138592464 16.65452168719735 
17.7700732225801 16.930608114043824 17.146740945841785 14.81430209241854 18.61518170037908 16.23807517905365 
18.716565129907444 16.511337025137365 18.048761331728258 14.397026052687007 19.486336040530535 15.820650326437868 
19.65645335238609 16.094991195407317 18.95095749677553 13.979668697241069 20.363611139065114 15.40029263339621 
20.36725036740516 15.40976232662868 19.67024427761023 13.2851244571639 21.091743255088375 14.696440636217618 
21.089261082845887 14.713590853323666 20.38951904298879 12.590591819226619 21.808661163694723 14.003541104219533 
21.810503531635142 14.018160152025503 21.10877978808815 11.896072719288957 22.526342732457163 13.309903496413309 
22.5312749554679 13.323183618693156 21.828025894068645 11.201567754903287 23.24449330695225 12.615812595630647 
23.251798455684433 12.628446136313217 22.547257379242676 10.507076908387132 23.962890988567885 11.921482866376657 
23.972218918754454 11.93380800359743 23.26647503524599 9.812599415335997 24.681391418024493 11.227053831567495 
24.69257954174985 11.239227569406085 23.985682291890246 9.118131963919332 25.399951533030176 10.53256711081058 
